"0","library(data.table)"
"0","library(ggplot2)"
"0","library(plotly)"
"2","Error in library(plotly) : there is no package called ‘plotly’
"
